-3.2485385742187507
37.17654299335639
6.097257005683489
8.356049
-13.438543
831.625875
31.491647766579526
51902.72755642863
4776338.182679867
5.34687495886838
9518.31649325612
4.23963496484375
8.122540886069416
2.850007172985608
11.990673
-2.154471
1085.346551
35.460726866878005
53497.28956427743
5158321.345729706
5.999077688657215
2079.4664490311443
1.17455091796875
29.18767283909017
5.402561692298401
9.071017
-12.380438
300.68503499999997
25.241510847297587
38490.98997957416
3593642.2662825445
5.127932205642093
7472.13879902119
-3.2485385742187507
37.17654299335639
6.097257005683489
8.356049
-13.438543
831.625875
31.491647766579526
51902.72755642863
4776338.182679867
5.34687495886838
9518.31649325612
4.23963496484375
8.122540886069416
2.850007172985608
11.990673
-2.154471
1085.346551
35.460726866878005
53497.28956427743
5158321.345729706
5.999077688657215
2079.4664490311443
1.17455091796875
29.18767283909017
5.402561692298401
9.071017
-12.380438
300.68503499999997
25.241510847297587
38490.98997957416
3593642.2662825445
5.127932205642093
7472.13879902119