-7.0113066640625
1.9952105600492152
1.4125192246653548
-4.226446
-9.980868
1794.894506
39.794047797583026
60661.77789624884
6296776.861508605
5.842793378061266
510.86458987676303
2.1721156210937496
9.443320907999798
3.0729986833709835
5.359875
-4.610233999999999
556.061599
32.64874865612494
54396.62145457056
5079061.608588498
5.485543182799747
2417.8448425982047
5.8799140898437505
1.5535162928595427
1.2464013369936437
9.595885
3.066714
1505.258007
35.44479221747508
56838.85699858419
5495421.44565537
5.807444404478131
397.7955059095707
-7.0113066640625
1.9952105600492152
1.4125192246653548
-4.226446
-9.980868
1794.894506
39.794047797583026
60661.77789624884
6296776.861508605
5.842793378061266
510.86458987676303
2.1721156210937496
9.443320907999798
3.0729986833709835
5.359875
-4.610233999999999
556.061599
32.64874865612494
54396.62145457056
5079061.608588498
5.485543182799747
2417.8448425982047
5.8799140898437505
1.5535162928595427
1.2464013369936437
9.595885
3.066714
1505.258007
35.44479221747508
56838.85699858419
5495421.44565537
5.807444404478131
397.7955059095707