-10.78556368359375
13.485903017826123
3.6723157568251295
-2.4760880000000003
-24.239595
2761.104303
30.02709933733172
32284.43425565358
2924101.5961074205
6.178032654897131
3453.0776677695562
-2.2321105
9.173770081113517
3.028823217210525
8.543757000000001
-11.598516
571.420288
26.953001909700408
22931.778762225684
2082304.9899469102
6.2301204759719
2348.546391755798
1.3604340390625
2.4318561170189903
1.5594409629796795
8.232902000000001
-3.242467
348.271114
33.85564358299876
29418.175630483718
3365827.394369914
6.64491189424954
622.8414242615804
-10.78556368359375
13.485903017826123
3.6723157568251295
-2.4760880000000003
-24.239595
2761.104303
30.02709933733172
32284.43425565358
2924101.5961074205
6.178032654897131
3453.0776677695562
-2.2321105
9.173770081113517
3.028823217210525
8.543757000000001
-11.598516
571.420288
26.953001909700408
22931.778762225684
2082304.9899469102
6.2301204759719
2348.546391755798
1.3604340390625
2.4318561170189903
1.5594409629796795
8.232902000000001
-3.242467
348.271114
33.85564358299876
29418.175630483718
3365827.394369914
6.64491189424954
622.8414242615804