8.34590914453125
4.996233928466779
2.235225699670344
9.453609
-0.630081
2136.5527410000004
37.92843989672097
67821.53155789206
6504738.045626572
5.814771154802765
1279.3028885399958
-4.286230671875
5.31441880222226
2.3053023233889
-3.322572
-16.459826
1097.275052
35.80880504557976
56366.66691568848
5582511.84486432
6.061782334801291
1360.7857667795186
1.2261391953125
0.48302883746921177
0.6950027607637338
4.405786
-3.4672400000000003
313.891634
34.362776695558665
17105.128965146578
2883417.2437661015
6.4559687095503175
123.66948107507775
8.34590914453125
4.996233928466779
2.235225699670344
9.453609
-0.630081
2136.5527410000004
37.92843989672097
67821.53155789206
6504738.045626572
5.814771154802765
1279.3028885399958
-4.286230671875
5.31441880222226
2.3053023233889
-3.322572
-16.459826
1097.275052
35.80880504557976
56366.66691568848
5582511.84486432
6.061782334801291
1360.7857667795186
1.2261391953125
0.48302883746921177
0.6950027607637338
4.405786
-3.4672400000000003
313.891634
34.362776695558665
17105.128965146578
2883417.2437661015
6.4559687095503175
123.66948107507775