-3.248539
37.176544
6.097257
8.356049
-13.438543
831.625854
31.491657
51902.734375
4776338.500000
5.346876
9518.314453
4.239633
8.122544
2.850008
11.990673
-2.154471
1085.346558
35.460724
53497.269531
5158320.000000
5.999077
2079.466797
1.174551
29.187670
5.402561
9.071017
-12.380438
300.685028
25.241508
38490.984375
3593642.000000
5.127932
7472.137207
-3.248539
37.176544
6.097257
8.356049
-13.438543
831.625854
31.491657
51902.734375
4776338.500000
5.346876
9518.314453
4.239633
8.122544
2.850008
11.990673
-2.154471
1085.346558
35.460724
53497.269531
5158320.000000
5.999077
2079.466797
1.174551
29.187670
5.402561
9.071017
-12.380438
300.685028
25.241508
38490.984375
3593642.000000
5.127932
7472.137207