-7.011309
1.995211
1.412519
-4.226446
-9.980868
1794.894531
39.794033
60661.718750
6296770.500000
5.842792
510.864502
2.172116
9.443323
3.072999
5.359875
-4.610234
556.061584
32.648750
54396.597656
5079060.000000
5.485544
2417.844238
5.879914
1.553517
1.246402
9.595885
3.066714
1505.258057
35.444786
56838.855469
5495420.500000
5.807444
397.795441
-7.011309
1.995211
1.412519
-4.226446
-9.980868
1794.894531
39.794033
60661.718750
6296770.500000
5.842792
510.864502
2.172116
9.443323
3.072999
5.359875
-4.610234
556.061584
32.648750
54396.597656
5079060.000000
5.485544
2417.844238
5.879914
1.553517
1.246402
9.595885
3.066714
1505.258057
35.444786
56838.855469
5495420.500000
5.807444
397.795441
