-10.785563
13.485904
3.672316
-2.476088
-24.239595
2761.104492
30.027100
32284.437500
2924101.500000
6.178032
3453.077148
-2.232111
9.173771
3.028823
8.543757
-11.598516
571.420288
26.953001
22931.792969
2082305.250000
6.230120
2348.546875
1.360435
2.431858
1.559441
8.232902
-3.242467
348.271118
33.855652
29418.093750
3365826.000000
6.644915
622.841370
-10.785563
13.485904
3.672316
-2.476088
-24.239595
2761.104492
30.027100
32284.437500
2924101.500000
6.178032
3453.077148
-2.232111
9.173771
3.028823
8.543757
-11.598516
571.420288
26.953001
22931.792969
2082305.250000
6.230120
2348.546875
1.360435
2.431858
1.559441
8.232902
-3.242467
348.271118
33.855652
29418.093750
3365826.000000
6.644915
622.841370