8.345912
4.996234
2.235226
9.453609
-0.630081
2136.552734
37.928436
67821.570313
6504741.000000
5.814770
1279.303223
-4.286230
5.314419
2.305302
-3.322572
-16.459826
1097.275024
35.808800
56366.687500
5582511.000000
6.061781
1360.785767
1.226139
0.483029
0.695003
4.405786
-3.467240
313.891632
34.362778
17105.146484
2883417.000000
6.455968
123.669479
8.345912
4.996234
2.235226
9.453609
-0.630081
2136.552734
37.928436
67821.570313
6504741.000000
5.814770
1279.303223
-4.286230
5.314419
2.305302
-3.322572
-16.459826
1097.275024
35.808800
56366.687500
5582511.000000
6.061781
1360.785767
1.226139
0.483029
0.695003
4.405786
-3.467240
313.891632
34.362778
17105.146484
2883417.000000
6.455968
123.669479